31
66
121
137
144
145
166
175
178
182
204
236
238
266
309
311
335
389
617
647
727
739
750
772
780
793
797
800
814
822
830
844
845
851
852
860
876
879
884
885
886
887
889
893
902
906
909
910
911
914
915
918
922
924
930
931
933
938
940
941
947
958
959
972
973
977
979
983
990
1000
1003
1009
1023
1028
1031
1064
1066
1073

410

563
564
594
595

870

2
23
24
32
33
34
47
48
53
54
55
56
69
70
73
77
83
87
88
91
93
97
98
99
100
101
105
107
116
117
124
261
295
303
307
314
319
326
327
330
333
336
344
350
361
370
374
381
391
402
403
407
420
442
465
479
527
532
533
570
573
574
575
577
582
583
585
587
590
596
597
599
600
601
602
603
604
605
606
607
608
609
610
611
612
614
615
618
620
621
623
625
628
632
636
650
653
656
657
658
659
660
661
662
664
666
667
669
672
673
674
675
676
680
681
683
684
686
694
695
696
697
700
702
712
735
736
792
826

167
173
184
187
195
200
206
240
244
245
246
247
249
256
257
259
274
278
279
280
281
282
284
294
299
305
315
320
323
324
337
338
346
349
352
356
362
371
376
380
382
404
412
419
421
422
427
428
429
437
441
443
453
463
471
475
476
478
480
482
488
489
490
491
492
496
497
498
499
500
501
502
505
506
507
508
511
514
515
550
551
559
561
619
634
701
703
704
705
708
714
761
764
767
778
808
932
945
949
953
954
965
984
988
993
999
1007
1016
1017
1020
1025

129
130
132
133
136
139
150
216
218
226
230
234
272
283
288
290
293
318
321
367
372
387
401
548
560
571
576
645
665
671
679
682
723
726
738
740
742
763
765
766
786
798
801
802
811
813
820
821
823
824
827
832
835
838
839
840
841
842
847
848
853
895
896
898
901
903
905
912
916
925
926
927
928
934
935
936
937
955
956
960
966
967
968
969
970
974
975
978
980
981
994
997
998
1002
1004
1011
1018
1019
1029
1032
1034
1036
1037
1038
1040
1041
1051
1076
1083
1084
1087

17
19
22
25
81
84
131
134
135
138
143
147
153
158
159
174
189
190
191
197
199
202
210
211
212
222
251
275
285
291
301
310
312
329
332
342
348
360
363
396
400
408
446
447
451
456
457
461
510
521
553
554
555
562
678
692
693
699
729
730
731
732
734
743
751
753
754
755
756
758
759
769
770
773
775
776
779
783
785
790
794
796
799
803
804
805
806
807
854
855
868
883
894
897
944
946
948
951
952
957
961
962
963
964
971
976
982
989
992
1050

0
1
3
4
5
6
7
8
9
11
12
13
14
15
16
20
21
26
27
29
35
36
37
38
39
40
41
42
44
45
46
49
50
51
52
57
58
59
60
61
62
63
64
65
67
68
71
72
74
75
76
78
79
80
86
89
90
92
94
95
96
102
104
106
108
109
110
111
113
115
118
119
120
123
125
126
127
128
168
225
231
258
438
439
466
467
572
624
630
631
643
648
663
687
688
698
711
728
863
866
867
986
995
996
1001
1043
1049
1056
1058
1059

103
122
148
152
154
155
157
164
185
188
196
198
201
239
241
242
243
253
254
255
260
267
268
270
273
296
345
405
415
448
472
484
486
494
495
503
504
513
516
519
522
525
526
528
529
530
531
535
536
537
538
539
540
543
544
545
546
547
552
556
557
558
565
566
567
568
569
578
579
586
589
591
592
593
626
640
651
707
717
718
719
720
721
722
724
725
737
748
752
815
864
882
899
907
913
917
919
920
921
923
929
939
985
991
1021
1048
1060
1063
1069
1072

140
142
146
149
151
161
162
169
170
171
172
176
177
179
180
183
186
192
193
205
207
209
214
215
220
221
224
232
235
237
248
250
252
262
264
271
276
286
287
289
292
297
298
302
306
313
317
322
328
331
334
339
343
347
351
353
365
366
373
377
378
386
406
409
413
414
416
417
426
431
433
436
445
454
455
458
460
464
468
473
474
477
483
487
509
517
520
524
622
627
629
633
644
649
654
685
689
690
691
710
716
741
745
749
774
781
782
836
850
1078

10
18
28
30
43
82
85
112
114
213
265
277
300
304
308
316
325
340
354
357
359
364
368
369
375
379
383
385
388
390
392
393
394
395
397
399
418
423
424
425
430
432
434
435
440
444
449
450
459
481
493
512
518
523
534
541
542
549
580
581
584
588
598
613
635
637
638
639
641
642
652
668
670
677
706
709
733
744
747
791
795
809
810
833
846
858
859
865
872
1022
1026
1027
1030
1033
1035
1039
1042
1045
1046
1055
1057
1062
1065
1071
1075
1077
1079
1080
1082
1089

141
156
160
163
165
181
194
203
208
217
219
223
227
228
229
233
263
269
341
355
358
384
398
411
452
462
469
470
485
616
646
655
713
715
746
757
760
762
768
771
777
784
787
788
789
812
816
817
818
819
825
828
829
831
834
837
843
849
856
857
861
862
869
871
873
874
875
877
878
880
881
888
890
891
892
900
904
908
942
943
950
987
1005
1006
1008
1010
1012
1013
1014
1015
1024
1044
1047
1052
1053
1054
1061
1067
1068
1070
1074
1081
1085
1086
1088
1090
1091
1092
1093
1094

