137

178

236

410
547
717
904
1006
1008
1012
1014

2
23
24
32
33
34
47
48
53
54
55
56
69
70
73
77
83
87
88
91
93
97
98
99
100
101
105
107
116
117
124
314
319
326
327
330
333
344
350
361
370
374
381
391
402
403
407
420
527
570
573
574
575
577
582
583
585
587
590
597
599
600
601
602
603
604
605
606
607
608
609
610
611
612
614
615
618
620
621
625
628
632
636
686
735
736
826

240
244
247
249
257
259
261
274
278
294
295
299
303
305
307
336
338
346
349
352
362
412
437
441
442
453
465
471
479
480
482
489
490
491
492
496
497
498
499
500
501
502
505
506
507
508
511
514
515
532
533
596
623
650
653
656
657
658
659
660
661
662
664
666
667
669
672
673
674
675
676
680
681
683
684
694
695
696
697
700
702
712
714
792
808

315
316
320
323
324
337
356
368
371
376
380
382
404
418
421
422
428
443
463
475
476
478
488
550
551
559
561
619
645
798
811
814
838
839
840
841
847
848
895
896
932
934
936
945
949
953
954
955
956
965
967
968
969
970
975
980
984
988
991
993
999
1007
1016
1017
1020
1025

129
130
132
133
136
139
150
153
159
167
173
184
187
195
200
206
216
218
226
230
234
245
246
256
272
279
280
281
282
283
284
288
548
560
634
701
703
704
705
708
761
764
767
778
786
898
905
994
997
998
1002
1004
1011
1018
1019
1034
1036
1037
1038
1040
1041
1051
1076
1083
1084
1087

419
427
429
519
522
525
526
528
530
531
535
536
537
538
540
543
544
545
546
552
553
554
555
558
562
571
576
579
589
591
592
593
626
679
682
723
726
763
765
766
813
820
821
823
824
827
832
835
842
912
925
926
927
935
937
944
952
960
961
964
966
974
976
978
981

17
19
22
25
81
84
138
147
174
197
199
210
211
212
293
318
321
342
348
367
372
387
396
400
401
446
451
457
461
613
639
643
665
671
699
730
731
732
734
738
740
742
743
747
775
776
779
785
794
796
801
802
803
806
853
859
894
897
901
903
916
928
1029
1032
1075

131
134
135
143
158
162
164
186
189
190
191
193
202
209
222
248
250
251
262
275
276
285
289
290
291
298
301
302
310
312
329
332
347
351
358
360
363
365
408
426
433
447
456
483
510
521
524
622
627
629
654
678
692
693
782
807
863
866
867
1043
1049
1056
1058
1059
1078

0
3
4
5
6
7
8
9
13
14
15
16
20
21
26
29
36
37
38
39
44
46
49
50
51
52
57
58
59
61
64
65
67
68
71
72
74
75
76
78
79
80
89
92
94
95
96
102
104
108
109
111
113
115
119
123
126
127
258
630
631
648
663
688
728

10
18
28
41
90
103
112
114
122
128
148
152
155
168
188
242
243
255
270
277
300
339
340
343
345
383
385
388
395
399
415
424
425
430
434
438
439
450
459
466
467
472
481
493
504
513
523
542
549
624
668
677
698
706
709
720
744
809
810
836
850
882
995
996
1001

146
151
161
166
169
170
171
176
177
179
185
192
205
207
213
214
215
220
221
224
235
252
260
287
297
306
317
322
328
331
353
366
375
378
379
409
413
416
417
431
436
445
448
464
468
469
473
474
487
517
633
635
638
642
644
646
685
689
690
691
749
771
774
781
891

812
816
817
818
819
825
828
829
833
834
843
846
849
856
857
858
861
865
869
871
872
873
875
878
881
888
892
942
943
987
1005
1010
1013
1015
1022
1026
1027
1030
1039
1042
1045
1046
1047
1052
1054
1055
1057
1061
1062
1065
1067
1068
1070
1071
1074
1077
1079
1080
1081
1082
1088
1089
1090
1092
1093

154
157
196
198
201
241
265
267
268
269
273
484
486
495
529
539
556
557
563
564
566
567
568
569
578
586
594
595
616
640
651
670
707
718
719
721
722
725
737
748
851
864
899
900
907
913
917
918
919
920
921
923
929
939
973
983
985
1021
1048
1060
1063
1064
1069
1072
1073

149
750
751
753
754
755
756
758
759
769
770
773
780
793
797
799
800
822
830
844
845
852
860
868
876
879
883
884
885
886
887
889
893
902
906
909
910
911
914
922
930
931
933
938
940
941
947
948
958
959
963
971
972
977
982
986
989
990
1000
1003
1009
1023
1028
1031
1050

1
11
12
27
30
31
35
40
42
43
45
60
62
63
66
82
85
86
106
110
118
120
121
125
180
182
225
231
304
308
325
354
357
359
364
369
377
390
392
393
394
397
423
432
435
440
454
455
485
518
534
541
572
580
581
584
588
598
687
711
772
791
795
1033
1035

140
141
142
144
156
160
163
172
181
183
194
217
223
228
229
232
237
238
263
264
266
271
286
292
313
334
335
341
355
373
384
386
389
398
406
411
414
452
458
460
462
477
509
520
617
647
649
710
713
715
716
727
741
745
746
757
760
762
768
784
787
788
789
874
1094

145
165
175
203
204
208
219
227
233
239
253
254
296
309
311
405
444
449
470
494
503
512
516
565
637
641
652
655
724
729
733
739
752
777
783
790
804
805
815
831
837
854
855
862
870
877
880
890
908
915
924
946
950
951
957
962
979
992
1024
1044
1053
1066
1085
1086
1091

