30
31
43
63
66
82
85
121
137
145
148
175
178
182
239
242
243
253
254
255
296
304
308
309
311
325
345
354
357
359
364
369
375
379
390
392
393
394
397
405
415
423
432
435
440
486
494
495
496
503
513
516
518
529
534
541
547
556
557
563
564
565
569
580
581
584
588
594
595
598
613
635
639
640
651
707
717
719
720
722
724
725
747
748
750
752
780
791
793
795
797
800
812
813
814
815
816
817
819
822
825
828
829
830
831
834
837
844
845
849
851
852
856
857
859
860
861
869
871
873
876
877
879
880
881
882
884
885
886
887
888
889
890
892
893
902
904
906
907
908
909
910
911
913
914
915
918
919
922
924
929
930
931
933
938
940
941
942
943
947
958
959
972
977
983
986
987
990
991
1000
1003
1005
1006
1008
1009
1012
1013
1014
1015
1021
1023
1024
1028
1031
1033
1035
1044
1047
1048
1052
1053
1054
1061
1063
1064
1066
1067
1068
1070
1072
1073
1074
1075
1085
1086
1088
1090
1091
1092
1093

204

236

410

2
23
24
32
33
34
47
48
53
54
55
56
69
70
73
77
83
87
88
91
93
97
98
99
100
101
105
107
116
117
124
167
173
187
195
206
240
244
247
249
257
259
261
274
278
294
295
299
303
305
307
314
315
319
320
323
324
326
327
330
333
336
337
338
344
346
349
350
352
356
361
362
370
371
374
376
380
381
382
391
402
403
404
407
412
420
421
422
428
437
441
442
443
453
463
465
471
475
476
478
479
480
482
488
489
490
491
492
497
498
499
500
501
502
505
506
507
508
511
514
515
527
532
533
550
551
559
561
570
573
574
575
577
582
583
585
587
590
596
597
599
600
601
602
603
604
605
606
607
608
609
610
611
612
614
615
618
619
620
621
623
625
628
632
634
636
650
653
656
657
658
659
660
661
662
664
666
667
669
672
673
674
675
676
680
681
683
684
686
694
695
696
697
700
701
702
703
704
705
708
712
714
735
736
792
808
826
932
945
949
953
954
965
984
988
993
999
1007
1016
1017
1020
1025

19
25
129
130
131
132
133
134
135
136
138
139
143
147
150
151
153
158
159
161
162
169
174
184
186
189
190
191
193
197
199
200
202
209
215
216
218
222
226
230
234
235
245
246
248
250
251
256
260
262
271
272
275
276
279
280
281
282
283
284
285
288
289
290
291
293
298
301
302
310
312
317
318
321
322
328
329
332
342
347
348
360
363
367
372
378
387
396
400
401
406
408
413
416
417
419
426
427
429
433
446
447
448
451
456
457
461
477
483
510
521
524
548
553
560
562
571
576
622
627
629
645
654
665
671
678
679
682
723
726
734
738
740
742
743
749
761
763
764
765
766
767
775
776
778
782
786
798
801
802
807
811
820
821
823
824
827
832
835
838
839
840
841
842
847
848
853
866
867
894
895
896
897
898
901
903
905
912
916
925
926
927
928
934
935
936
937
955
956
967
968
969
970
974
975
978
980
981
994
997
998
1002
1004
1011
1018
1019
1029
1032
1034
1036
1037
1038
1040
1041
1051
1076
1078
1083
1084
1087

0
1
3
4
5
6
7
8
9
11
12
13
14
15
16
17
20
21
22
26
27
29
35
36
37
38
39
40
41
42
44
45
46
49
50
51
52
57
58
59
60
61
62
64
65
67
68
71
72
74
75
76
78
79
80
81
84
86
89
90
92
94
95
96
102
103
104
106
108
109
110
111
113
115
118
119
120
122
123
125
126
127
128
152
154
155
157
164
188
196
198
201
225
231
258
438
439
472
484
504
519
522
525
526
528
530
531
535
536
537
538
539
540
543
544
545
546
552
554
555
558
566
567
568
572
578
579
586
589
591
592
593
626
630
631
643
648
663
668
687
688
692
693
698
699
711
718
721
728
729
730
731
732
737
739
751
753
754
755
756
758
759
769
770
773
779
783
785
790
794
796
799
803
804
805
806
854
855
864
868
870
883
899
917
920
921
923
939
944
946
948
950
951
952
957
960
961
962
963
964
966
971
973
976
979
982
985
989
992
995
996
1001
1043
1049
1050
1056
1058
1059
1060
1069

10
18
28
112
114
140
141
142
144
146
149
156
160
163
165
166
168
170
171
172
176
177
179
180
181
183
185
192
194
203
205
207
208
210
211
212
213
214
217
219
220
221
223
224
227
228
229
232
233
237
238
241
252
263
264
265
266
267
268
269
270
273
277
286
287
292
297
300
306
313
316
331
334
335
339
340
341
343
351
353
355
358
365
366
368
373
377
383
384
385
386
388
389
395
398
399
409
411
414
418
424
425
430
431
434
436
444
445
449
450
452
454
455
458
459
460
462
464
466
467
468
469
470
473
474
481
485
487
493
509
512
517
520
523
542
549
616
617
624
633
637
638
641
642
644
646
647
649
652
655
670
677
685
689
690
691
706
709
710
713
715
716
727
733
741
744
745
746
757
760
762
768
771
772
774
777
781
784
787
788
789
809
810
818
833
836
843
846
850
858
862
863
865
872
874
875
878
891
900
1010
1022
1026
1027
1030
1039
1042
1045
1046
1055
1057
1062
1065
1071
1077
1079
1080
1081
1082
1089
1094

