130
67        0.052632660468673494          
208       0.04025060787090816           
341       0.020079339191512804          
858       0.07659372353997188           
954       0.04787257899113004           
971       0.28915205055508403           
1025      0.05362716553374079           
1103      0.13560830683247044           
1514      0.02615186535000288           
1622      0.04515136203621992           
1730      0.04901951588213148           
1886      0.06977412287274738           
1956      0.03483544168154233           
1984      0.0853626315511952            
2063      0.09671935847174362           
2065      0.06856412985388288           
2169      0.0805825558133592            
2881      0.09554043870091083           
2987      0.10533771732189681           
3066      0.05958394027477926           
3150      0.0755653529302092            
3274      0.06543478540880457           
3334      0.030336880532083953          
3336      0.07879188027381907           
3429      0.072719354115329             
3493      0.06064622395984192           
3561      0.06899460165283308           
4016      0.052959454795155785          
4073      0.03356340787569381           
4154      0.07997080004465187           
4285      0.0754095503584901            
4320      0.09554043870091083           
4321      0.03260890788960709           
4346      0.04529476341963557           
4535      0.06322224161756011           
4588      0.009047723671125092          
4640      0.04573014568857403           
4754      0.06175736511067936           
4759      0.07822331140165717           
4936      0.03834348361352981           
4955      0.08692207985075763           
4965      0.032355002973460056          
4969      0.031855059714552325          
5011      0.05342496299657414           
5205      0.05856639783556966           
5477      0.10712839286143694           
5552      0.1482009528466569            
5601      0.08185458961920772           
5703      0.051305727602952926          
5921      0.07317101328766827           
5958      0.018605524988142195          
6007      0.03120416346399179           
6018      0.04169360745263238           
6100      0.0507586160292305            
6149      0.08858915889480505           
6298      0.22232986219475717           
6360      0.06677406875184988           
6386      0.03990293191309225           
6434      0.07057963286869197           
6534      0.03401005760213875           
6743      0.304551696175383             
6756      0.07607406776585857           
6901      0.03374107825107505           
7126      0.09671935847174362           
7144      0.1357410712444182            
7204      0.024272960985326827          
7214      0.02755982060044316           
7473      0.014295584172682837          
7478      0.027698291249797252          
7496      0.2128847545583753            
7522      0.05342496299657414           
7558      0.07317101328766827           
7882      0.03955459396264101           
7916      0.055092042040621556          
8085      0.04244876460475535           
8125      0.12581102821148446           
8181      0.028981587261482283          
8253      0.01655076963771064           
8255      0.03866928264618918           
8258      0.13021206238423194           
8376      0.05149088607361836           
8439      0.09671935847174362           
8485      0.03944701155351245           
8531      0.13153614861844645           
8561      0.052246043225741334          
8647      0.06510603119211597           
8763      0.1372281462482069            
8893      0.09795876153369348           
9012      0.11885974840537869           
9067      0.10064631347140618           
9372      0.029639148723215256          
9547      0.07184060046771332           
9563      0.07457896853810854           
9564      0.12294950594913084           
9761      0.11885974840537869           
9769      0.08946791254242074           
9793      0.08389775504431443           
9914      0.10449208645148267           
10164     0.07317101328766827           
10252     0.05322443850810323           
10291     0.050400638190130936          
10337     0.0913275269652003            
10350     0.12581102821148446           
10403     0.2458990118982617            
10428     0.06576807430922323           
10572     0.05758997964785232           
10729     0.13021647532592714           
10876     0.027022000480038912          
10906     0.047085438959175704          
10913     0.05723645219119084           
10922     0.06644876896116998           
10961     0.05784640481043217           
11019     0.1587483018222509            
11026     0.05688271758016169           
11142     0.02942495864015951           
11243     0.015147770404554643          
11653     0.03338703437592494           
11685     0.05688271758016169           
11823     0.058073257001223115          
11875     0.058073257001223115          
11902     0.11885974840537869           
11921     0.025572696318783155          
11936     0.03588410204158174           
11978     0.04529476341963557           
12089     0.05984516511288013           
12091     0.11859893173010586           
12094     0.049528230717780834          
12104     0.07363127600725344           
12174     0.015438644829066678          
12213     0.051677474353579445          
